mpstat -P ALL
Linux 4.14.111 (localhost)      12/03/19        _aarch64_       (8 CPU)

04:39:04     CPU    %usr   %nice    %sys %iowait    %irq   %soft  %steal  %guest   %idle
04:39:04     all    1.92    0.42   11.76    0.02    0.34    0.34    0.00    0.00   85.20
04:39:04       0    1.64    0.75   11.86    0.03    0.61    0.36    0.00    0.00   84.74
04:39:04       1    1.67    0.74   12.05    0.03    0.73    0.78    0.00    0.00   84.00
04:39:04       2    1.79    0.65   12.23    0.04    0.58    0.72    0.00    0.00   84.00
04:39:04       3    1.94    0.62   12.54    0.04    0.49    0.60    0.00    0.00   83.77
04:39:04       4    0.18    0.26    1.34    0.00    0.02    0.01    0.00    0.00   98.19
04:39:04       5    1.15    0.20    4.88    0.00    0.05    0.04    0.00    0.00   93.69
04:39:04       6    1.95    0.16    7.77    0.00    0.07    0.05    0.00    0.00   90.00
04:39:04       7    5.06    0.04   31.50    0.03    0.17    0.19    0.00    0.00   63.02


